Projective Transformation:
1) 1_from.jpg -> 1_to.jpg
  (390, 270) -> (397, 263)
  (388, 357) -> (396, 360)
  (456, 361) -> (502, 363)
  (456, 281) -> (502, 266)

  from => [[390,270],[388,357],[456,361],[456,281]]
  tp   => [[397,263],[396,360],[502,363],[502,266]]
  cmd:
python3 dlt.py persepective/1_from.jpg '[[390,270],[388,357],[456,361],[456,281]]' '[[397,263],[396,360],[502,363],[502,266]]' 1.jpeg


2) 2_from.jpg -> 2_to.jpg
  (119, 142) -> (80, 116)
  (129, 128) -> (75, 89)
  (184, 148) -> (156, 82)
  (181, 180) -> (177, 124)

  from => [[119,142], [129,128], [184,148], [181,180]]
  tp   => [[80,116], [75,89], [156,82], [177,124]]
  cmd:
python3 dlt.py persepective/2_from.png '[[119,142], [129,128], [184,148], [181,180]]' '[[80,116], [75,89], [156,82], [177,124]]' 2.jpeg

3) 3_from.jpg -> 3_to.jpg
  (47, 117) -> (15, 125)
  (40, 172) -> (8, 157)
  (193, 172) -> (142, 157)
  (193, 135) -> (142, 129)

  from => [[47,117], [40,172], [193,172], [193,135]]
  tp   => [[15,125], [8,157], [142,157], [142,129]]
  cmd:
python3 dlt.py persepective/3_from.jpg '[[47,117], [40,172], [193,172], [193,135]]' '[[15,125], [8,157], [142,157], [142,129]]' 3.jpeg


4) 4_from.jpg -> 4_to.jpg
  (515, 340) -> (514, 340)
  (515, 554) -> (514, 552)
  (635, 560) -> (626, 552)
  (638, 340) -> (626, 340)

  from => [[515,340], [515,554], [635,560], [638,340]]
  tp   => [[514,340], [514,552], [626,552], [626,340]]
  cmd:
python3 dlt.py persepective/4_from.jpg '[[515,340], [515,554], [635,560], [638,340]]' '[[514,340], [514,552], [626,552], [626,340]]' 4.jpeg

5) 5_from.jpg -> 5_to.jpg
  (278, 193) -> (275, 175)
  (277, 312) -> (275, 278)
  (378, 311) -> (370, 278)
  (376, 200) -> (370, 175)

  from => [[278,193],[277,312],[378,311],[376,200]]
  tp   => [[275,175],[275,278],[370,278],[370,175]]
  cmd:
python3 dlt.py persepective/1_from.jpg '[[390,270],[388,357],[456,361],[456,281]]' '[[397,263],[396,360],[502,363],[502,266]]' 1.jpeg
